4.950000000000000000e+03
5.250000000000000000e+03
5.550000000000000000e+03
5.850000000000000000e+03
6.150000000000000000e+03
6.450000000000000000e+03
6.750000000000000000e+03
7.050000000000000000e+03
7.350000000000000000e+03
7.650000000000000000e+03
7.950000000000000000e+03
8.250000000000000000e+03
8.550000000000000000e+03
8.850000000000000000e+03
9.150000000000000000e+03
9.450000000000000000e+03
9.750000000000000000e+03
1.005000000000000000e+04
1.035000000000000000e+04
1.065000000000000000e+04
1.095000000000000000e+04
1.125000000000000000e+04
1.155000000000000000e+04
1.185000000000000000e+04
1.215000000000000000e+04
1.245000000000000000e+04
1.275000000000000000e+04
1.305000000000000000e+04
1.335000000000000000e+04
1.365000000000000000e+04
1.395000000000000000e+04
1.425000000000000000e+04
1.455000000000000000e+04
1.485000000000000000e+04
1.515000000000000000e+04
1.545000000000000000e+04
1.575000000000000000e+04
1.605000000000000000e+04
1.635000000000000000e+04
1.665000000000000000e+04
1.695000000000000000e+04
1.725000000000000000e+04
1.755000000000000000e+04
1.785000000000000000e+04
1.815000000000000000e+04
1.845000000000000000e+04
1.875000000000000000e+04
1.905000000000000000e+04
1.935000000000000000e+04
1.965000000000000000e+04
1.995000000000000000e+04
