4.950000000000000000e+03 6.854996273123573927e-10
5.250000000000000000e+03 6.241160784476435066e-10
5.550000000000000000e+03 5.713649788811100448e-10
5.850000000000000000e+03 5.256245011149393540e-10
6.150000000000000000e+03 4.856370762335293541e-10
6.450000000000000000e+03 4.504348759651446376e-10
6.750000000000000000e+03 4.192376019233470757e-10
7.050000000000000000e+03 3.914347158774396158e-10
7.350000000000000000e+03 3.665199194839425374e-10
7.650000000000000000e+03 3.440862204676312176e-10
7.950000000000000000e+03 3.237989591099436602e-10
8.250000000000000000e+03 3.053796240085786634e-10
8.550000000000000000e+03 2.885917786645826639e-10
8.850000000000000000e+03 2.732380916727898275e-10
9.150000000000000000e+03 2.591526184651324768e-10
9.450000000000000000e+03 2.461918205787369630e-10
9.750000000000000000e+03 2.342337222270020818e-10
1.005000000000000000e+04 2.231723216791403881e-10
1.035000000000000000e+04 2.129161924498251070e-10
1.065000000000000000e+04 2.033853363794646380e-10
1.095000000000000000e+04 1.945092262271877544e-10
1.125000000000000000e+04 1.862268419000292636e-10
1.155000000000000000e+04 1.784845443852195620e-10
1.185000000000000000e+04 1.712340143258823458e-10
1.215000000000000000e+04 1.644338754967515445e-10
1.245000000000000000e+04 1.580448348133388984e-10
1.275000000000000000e+04 1.520326469219683308e-10
1.305000000000000000e+04 1.463682884920772626e-10
1.335000000000000000e+04 1.410255807589159405e-10
1.365000000000000000e+04 1.359764465271334683e-10
1.395000000000000000e+04 1.312013239422423319e-10
1.425000000000000000e+04 1.266811109210786434e-10
1.455000000000000000e+04 1.223940638049971307e-10
1.485000000000000000e+04 1.183261881403731864e-10
1.515000000000000000e+04 1.144634213562503291e-10
1.545000000000000000e+04 1.107882002424891929e-10
1.575000000000000000e+04 1.072918357349126781e-10
1.605000000000000000e+04 1.039604230337068481e-10
1.635000000000000000e+04 1.007838457213382678e-10
1.665000000000000000e+04 9.775401173134241380e-11
1.695000000000000000e+04 9.485866725460029447e-11
1.725000000000000000e+04 9.209356875375780622e-11
1.755000000000000000e+04 8.944671673098018230e-11
1.785000000000000000e+04 8.691551256991785458e-11
1.815000000000000000e+04 8.448908484957400569e-11
1.845000000000000000e+04 8.216543238919761470e-11
1.875000000000000000e+04 7.993516990626293754e-11
1.905000000000000000e+04 7.779685256716596177e-11
1.935000000000000000e+04 7.574161854316618971e-11
1.965000000000000000e+04 7.376894168560016916e-11
1.995000000000000000e+04 7.187058214430181906e-11
