4.950000000000000000e+03 6.789050783732277183e-10
5.250000000000000000e+03 6.176220132836264552e-10
5.550000000000000000e+03 5.649635348853913458e-10
5.850000000000000000e+03 5.193085691278577555e-10
6.150000000000000000e+03 4.794003853908326833e-10
6.450000000000000000e+03 4.442715934895499301e-10
6.750000000000000000e+03 4.131426238742258408e-10
7.050000000000000000e+03 3.854032882437340082e-10
7.350000000000000000e+03 3.605477945209444601e-10
7.650000000000000000e+03 3.381695282650555703e-10
7.950000000000000000e+03 3.179341632552284522e-10
8.250000000000000000e+03 2.995634910160936547e-10
8.550000000000000000e+03 2.828213785461705236e-10
8.850000000000000000e+03 2.675107514907369598e-10
9.150000000000000000e+03 2.534658789033848495e-10
9.450000000000000000e+03 2.405434412628354438e-10
9.750000000000000000e+03 2.286216640906863040e-10
1.005000000000000000e+04 2.175947194330358347e-10
1.035000000000000000e+04 2.073713576665914373e-10
1.065000000000000000e+04 1.978717151077946866e-10
1.095000000000000000e+04 1.890253498397851543e-10
1.125000000000000000e+04 1.807713795070053777e-10
1.155000000000000000e+04 1.730562981278630362e-10
1.185000000000000000e+04 1.658319592881328155e-10
1.215000000000000000e+04 1.590570431499714610e-10
1.245000000000000000e+04 1.526922313018399569e-10
1.275000000000000000e+04 1.467034485338310586e-10
1.305000000000000000e+04 1.410617980424099307e-10
1.335000000000000000e+04 1.357410849787066010e-10
1.365000000000000000e+04 1.307133503615657011e-10
1.395000000000000000e+04 1.259590676709579458e-10
1.425000000000000000e+04 1.214591289623950715e-10
1.455000000000000000e+04 1.171920005744776615e-10
1.485000000000000000e+04 1.131435922983404873e-10
1.515000000000000000e+04 1.092998631996352765e-10
1.545000000000000000e+04 1.056434929167267099e-10
1.575000000000000000e+04 1.021655727612246531e-10
1.605000000000000000e+04 9.885241800797421480e-11
1.635000000000000000e+04 9.569388146046358696e-11
1.665000000000000000e+04 9.268182472286039646e-11
1.695000000000000000e+04 8.980419872457650518e-11
1.725000000000000000e+04 8.705656325325047674e-11
1.755000000000000000e+04 8.442717900780366669e-11
1.785000000000000000e+04 8.191323861669040454e-11
1.815000000000000000e+04 7.950409393139194185e-11
1.845000000000000000e+04 7.719757912175473763e-11
1.875000000000000000e+04 7.498449785579874874e-11
1.905000000000000000e+04 7.286325368812612792e-11
1.935000000000000000e+04 7.082516500219379603e-11
1.965000000000000000e+04 6.886954624156147676e-11
1.995000000000000000e+04 6.698835447687754527e-11
